	Pesos Camada 1
	w1[0] = -0.099000;
	w1[1] = -0.100000;
	w1[2] = -0.060000;
	w1[3] = 0.058000;
	w1[4] = -0.047000;
	w1[5] = -0.037000;
	w1[6] = 0.081000;
	w1[7] = -0.039000;
	w1[8] = 0.031000;
	w1[9] = -0.041000;
	w1[10] = -0.083000;
	w1[11] = 0.087000;
	w1[12] = -0.019000;
	w1[13] = 0.045000;
	w1[14] = 0.089000;
	w1[15] = -0.024000;
	w1[16] = 0.018000;
	w1[17] = -0.018000;
	w1[18] = 0.004000;
	w1[19] = -0.058000;

	Pesos Camada 2
	w2[0] = -0.041610;
	w2[1] = -0.075695;
