	Pesos Camada 1
	w1[0] = -0.004940;
	w1[1] = -0.018110;
	w1[2] = 0.057701;
	w1[3] = -0.066507;
	w1[4] = -0.044732;
	w1[5] = -0.023168;
	w1[6] = 0.050794;
	w1[7] = 0.000752;
	w1[8] = 0.068708;
	w1[9] = 0.099660;
	w1[10] = 0.082791;
	w1[11] = -0.039861;
	w1[12] = 0.060525;
	w1[13] = 0.033949;
	w1[14] = -0.044591;
	w1[15] = 0.066489;
	w1[16] = -0.036454;
	w1[17] = -0.035390;
	w1[18] = -0.088322;
	w1[19] = 0.061752;
	w1[20] = 0.095048;
	w1[21] = -0.065198;
	w1[22] = 0.065529;
	w1[23] = 0.062231;
	w1[24] = 0.020908;

	Pesos Camada 2
	w2[0] = 0.034666;
	w2[1] = 0.050239;
	w2[2] = -0.088978;
	w2[3] = -0.038157;
	w2[4] = 0.087808;
	w2[5] = 0.061536;
	w2[6] = -0.074654;
	w2[7] = -0.089282;
	w2[8] = 0.035129;
	w2[9] = 0.014118;
