	Pesos Camada 1
	w1[0] = -0.077000;
	w1[1] = 0.002000;
	w1[2] = 0.078000;
	w1[3] = -0.005000;
	w1[4] = -0.051000;
	w1[5] = 0.047000;
	w1[6] = -0.044000;
	w1[7] = 0.080000;
	w1[8] = -0.022000;
	w1[9] = -0.023000;
	w1[10] = 0.026000;
	w1[11] = 0.034000;
	w1[12] = -0.060000;
	w1[13] = 0.028000;
	w1[14] = 0.058000;
	w1[15] = -0.054000;
	w1[16] = -0.060000;
	w1[17] = 0.099000;
	w1[18] = -0.098000;
	w1[19] = 0.056000;

	Pesos Camada 2
	w2[0] = -0.017745;
	w2[1] = 0.041720;
