	Pesos Camada 1
	w1[0] = -0.002013;
	w1[1] = -0.073016;

	Pesos Camada 2
	w2[0] = -0.039108;
	w2[1] = -0.017155;
