	Pesos Camada 1
	w1[0] = 0.071000;
	w1[1] = -0.065000;
	w1[2] = 0.001000;
	w1[3] = 0.034000;
	w1[4] = 0.025000;
	w1[5] = 0.033000;
	w1[6] = 0.097000;
	w1[7] = -0.081000;
	w1[8] = -0.034000;
	w1[9] = -0.026000;
	w1[10] = 0.005000;
	w1[11] = -0.022000;
	w1[12] = -0.083000;
	w1[13] = 0.036000;
	w1[14] = 0.033000;
	w1[15] = -0.064000;
	w1[16] = -0.089000;
	w1[17] = 0.096000;
	w1[18] = 0.050000;
	w1[19] = -0.065000;

	Pesos Camada 2
	w2[0] = -0.022518;
	w2[1] = 0.082768;
