	Pesos Camada 1
	w1[0] = -0.084004;
	w1[1] = -0.037005;

	Pesos Camada 2
	w2[0] = -0.033018;
	w2[1] = 0.013082;
