	Pesos Camada 1
	w1[0] = -0.046030;
	w1[1] = 0.002013;
	w1[2] = 0.086051;
	w1[3] = 0.053085;
	w1[4] = -0.042885;
	w1[5] = 0.037141;
	w1[6] = 0.041162;
	w1[7] = 0.081178;
	w1[8] = -0.035810;
	w1[9] = -0.015803;
	w1[10] = -0.003542;
	w1[11] = -0.050523;
	w1[12] = 0.040495;
	w1[13] = -0.006490;
	w1[14] = -0.092476;
	w1[15] = -0.036464;
	w1[16] = 0.030545;
	w1[17] = 0.056553;
	w1[18] = -0.087442;
	w1[19] = -0.084439;
	w1[20] = -0.028005;
	w1[21] = 0.031039;
	w1[22] = 0.008078;
	w1[23] = 0.017114;
	w1[24] = -0.081856;
	w1[25] = -0.012829;
	w1[26] = -0.051808;
	w1[27] = 0.038209;
	w1[28] = -0.077779;
	w1[29] = -0.092771;
	w1[30] = 0.085866;
	w1[31] = 0.049860;
	w1[32] = -0.098147;
	w1[33] = -0.041152;
	w1[34] = -0.014157;
	w1[35] = -0.009162;
	w1[36] = -0.013166;
	w1[37] = -0.057169;
	w1[38] = -0.016171;
	w1[39] = -0.030173;
	w1[40] = 0.038014;
	w1[41] = 0.086969;
	w1[42] = -0.014072;
	w1[43] = 0.007892;
	w1[44] = 0.057860;
	w1[45] = 0.078832;
	w1[46] = -0.085191;
	w1[47] = 0.070790;
	w1[48] = 0.014777;
	w1[49] = -0.002232;

	Pesos Camada 2
	w2[0] = -0.150457;
	w2[1] = -0.026045;
	w2[2] = -0.060878;
	w2[3] = -0.030548;
	w2[4] = 0.020974;
	w2[5] = 0.028113;
	w2[6] = -0.063456;
	w2[7] = -0.059288;
	w2[8] = -0.025963;
	w2[9] = -0.031460;
