	Pesos Camada 1
	w1[0] = 0.021000;
	w1[1] = -0.013000;
	w1[2] = 0.017000;
	w1[3] = 0.054000;
	w1[4] = -0.045000;
	w1[5] = -0.061000;
	w1[6] = -0.099000;
	w1[7] = 0.078000;
	w1[8] = 0.043000;
	w1[9] = -0.065000;
	w1[10] = 0.097000;
	w1[11] = 0.028000;
	w1[12] = 0.053000;
	w1[13] = 0.081000;
	w1[14] = 0.025000;
	w1[15] = -0.059000;
	w1[16] = 0.027000;
	w1[17] = -0.054000;
	w1[18] = 0.077000;
	w1[19] = -0.074000;

	Pesos Camada 2
	w2[0] = -0.090294;
	w2[1] = 0.018810;
