	Pesos Camada 1
	w1[0] = -0.060623;
	w1[1] = 0.027036;
	w1[2] = -0.049445;
	w1[3] = 0.067939;
	w1[4] = 0.011189;
	w1[5] = 0.049307;
	w1[6] = 0.079298;
	w1[7] = -0.061834;
	w1[8] = 0.046914;
	w1[9] = 0.101549;
	w1[10] = -0.057279;
	w1[11] = -0.019670;
	w1[12] = -0.027229;
	w1[13] = 0.134048;
	w1[14] = -0.013838;
	w1[15] = 0.036119;
	w1[16] = 0.024920;
	w1[17] = -0.027427;
	w1[18] = 0.012080;
	w1[19] = 0.009450;
	w1[20] = 0.095311;
	w1[21] = -0.006960;
	w1[22] = -0.022377;
	w1[23] = 0.056062;
	w1[24] = 0.072358;
	w1[25] = -0.041485;
	w1[26] = -0.001465;
	w1[27] = 0.081424;
	w1[28] = 0.102184;
	w1[29] = 0.038821;
	w1[30] = 0.137966;
	w1[31] = 0.027579;
	w1[32] = 0.107000;
	w1[33] = 0.077231;
	w1[34] = 0.069277;
	w1[35] = 0.012139;
	w1[36] = 0.089824;
	w1[37] = 0.034335;
	w1[38] = 0.131680;
	w1[39] = -0.032136;
	w1[40] = -0.034687;
	w1[41] = 0.045003;
	w1[42] = 0.088536;
	w1[43] = 0.033912;
	w1[44] = 0.111135;
	w1[45] = -0.013792;
	w1[46] = 0.029133;
	w1[47] = 0.050916;
	w1[48] = 0.114561;
	w1[49] = 0.118074;

	Pesos Camada 2
	w2[0] = -0.198447;
	w2[1] = -0.215941;
	w2[2] = -0.267646;
	w2[3] = -0.278092;
	w2[4] = -0.265733;
	w2[5] = 0.302560;
	w2[6] = 0.329993;
	w2[7] = 0.282481;
	w2[8] = 0.351650;
	w2[9] = 0.305345;
