	Pesos Camada 1
	w1[0] = 0.032513;
	w1[1] = 0.063066;
	w1[2] = 0.050472;
	w1[3] = 0.069727;
	w1[4] = -0.011175;
	w1[5] = -0.030238;
	w1[6] = -0.009466;
	w1[7] = 0.093138;
	w1[8] = 0.112572;
	w1[9] = 0.086834;
	w1[10] = 0.046105;
	w1[11] = 0.044122;
	w1[12] = -0.023050;
	w1[13] = 0.111580;
	w1[14] = -0.045993;
	w1[15] = 0.089225;
	w1[16] = -0.022772;
	w1[17] = 0.106014;
	w1[18] = 0.120579;
	w1[19] = 0.107920;
	w1[20] = 0.030989;
	w1[21] = 0.085521;
	w1[22] = 0.048908;
	w1[23] = 0.021146;
	w1[24] = 0.062229;
	w1[25] = 0.025153;
	w1[26] = 0.126915;
	w1[27] = 0.117512;
	w1[28] = 0.010940;
	w1[29] = 0.080200;
	w1[30] = 0.026903;
	w1[31] = 0.053079;
	w1[32] = 0.113144;
	w1[33] = 0.039094;
	w1[34] = 0.048925;
	w1[35] = 0.024635;
	w1[36] = -0.017781;
	w1[37] = 0.111676;
	w1[38] = 0.066005;
	w1[39] = 0.043203;
	w1[40] = 0.118553;
	w1[41] = -0.052155;
	w1[42] = 0.061015;
	w1[43] = 0.009058;
	w1[44] = 0.086971;
	w1[45] = -0.004250;
	w1[46] = 0.112392;
	w1[47] = 0.026894;
	w1[48] = 0.089255;
	w1[49] = -0.044528;

	Pesos Camada 2
	w2[0] = -0.435240;
	w2[1] = -0.430038;
	w2[2] = -0.267914;
	w2[3] = -0.319764;
	w2[4] = -0.303219;
	w2[5] = -0.260540;
	w2[6] = -0.366345;
	w2[7] = -0.428251;
	w2[8] = -0.298087;
	w2[9] = -0.334513;
