	Pesos Camada 1
	w1[0] = -0.037000;
	w1[1] = -0.082000;
	w1[2] = -0.067000;
	w1[3] = -0.087000;
	w1[4] = -0.002000;
	w1[5] = -0.035000;
	w1[6] = -0.094000;
	w1[7] = 0.001000;
	w1[8] = -0.003000;
	w1[9] = 0.098000;
	w1[10] = -0.060000;
	w1[11] = 0.001000;
	w1[12] = -0.100000;
	w1[13] = 0.010000;
	w1[14] = 0.076000;
	w1[15] = -0.100000;
	w1[16] = 0.069000;
	w1[17] = -0.074000;
	w1[18] = 0.096000;
	w1[19] = -0.031000;
	w1[20] = -0.043000;
	w1[21] = -0.052000;
	w1[22] = 0.032000;
	w1[23] = 0.062000;
	w1[24] = -0.061000;
	w1[25] = -0.066000;
	w1[26] = 0.090000;
	w1[27] = 0.029000;
	w1[28] = 0.083000;
	w1[29] = -0.067000;
	w1[30] = 0.095000;
	w1[31] = 0.004000;
	w1[32] = 0.046000;
	w1[33] = -0.001000;
	w1[34] = -0.008000;
	w1[35] = -0.037000;
	w1[36] = 0.037000;
	w1[37] = -0.094000;
	w1[38] = -0.081000;
	w1[39] = 0.010000;
	w1[40] = 0.045000;
	w1[41] = -0.026000;
	w1[42] = -0.012000;
	w1[43] = -0.073000;
	w1[44] = 0.099000;
	w1[45] = 0.045000;
	w1[46] = -0.100000;
	w1[47] = -0.015000;
	w1[48] = -0.008000;
	w1[49] = -0.002000;
	w1[50] = -0.017000;
	w1[51] = -0.065000;
	w1[52] = 0.023000;
	w1[53] = -0.025000;
	w1[54] = -0.077000;
	w1[55] = 0.064000;
	w1[56] = 0.083000;
	w1[57] = -0.061000;
	w1[58] = -0.020000;
	w1[59] = -0.033000;
	w1[60] = 0.028000;
	w1[61] = 0.067000;
	w1[62] = -0.033000;
	w1[63] = -0.085000;
	w1[64] = 0.086000;
	w1[65] = 0.089000;
	w1[66] = 0.008000;
	w1[67] = -0.080000;
	w1[68] = 0.050000;
	w1[69] = 0.043000;
	w1[70] = -0.011000;
	w1[71] = 0.023000;
	w1[72] = 0.029000;
	w1[73] = 0.000000;
	w1[74] = -0.075000;
	w1[75] = 0.005000;
	w1[76] = 0.015000;
	w1[77] = -0.097000;
	w1[78] = -0.077000;
	w1[79] = 0.077000;
	w1[80] = -0.065000;
	w1[81] = -0.071000;
	w1[82] = 0.049000;
	w1[83] = -0.005000;
	w1[84] = -0.064000;
	w1[85] = -0.084000;
	w1[86] = -0.002000;
	w1[87] = 0.090000;
	w1[88] = -0.067000;
	w1[89] = 0.007000;
	w1[90] = -0.089000;
	w1[91] = -0.067000;
	w1[92] = -0.053000;
	w1[93] = 0.019000;
	w1[94] = 0.043000;
	w1[95] = 0.074000;
	w1[96] = -0.026000;
	w1[97] = 0.026000;
	w1[98] = 0.071000;
	w1[99] = 0.054000;

	Pesos Camada 2
	w2[0] = 0.036667;
	w2[1] = 0.021674;
