	Pesos Camada 1
	w1[0] = 0.024000;
	w1[1] = 0.016000;
	w1[2] = 0.061000;
	w1[3] = 0.001000;
	w1[4] = -0.015000;
	w1[5] = -0.067000;
	w1[6] = 0.018000;
	w1[7] = -0.009000;
	w1[8] = 0.056000;
	w1[9] = -0.061000;
	w1[10] = 0.073000;
	w1[11] = -0.017000;
	w1[12] = 0.032000;
	w1[13] = -0.093000;
	w1[14] = 0.057000;
	w1[15] = -0.098000;
	w1[16] = 0.019000;
	w1[17] = 0.051000;
	w1[18] = 0.003000;
	w1[19] = -0.093000;

	Pesos Camada 2
	w2[0] = 0.059134;
	w2[1] = -0.021197;
