	Pesos Camada 1
	w1[0] = 0.078622;
	w1[1] = -0.033685;
	w1[2] = 0.100881;
	w1[3] = 0.106321;
	w1[4] = 0.103637;
	w1[5] = -0.069168;
	w1[6] = 0.067910;
	w1[7] = -0.032127;
	w1[8] = 0.064727;
	w1[9] = 0.103475;
	w1[10] = -0.059884;
	w1[11] = 0.009954;
	w1[12] = 0.111706;
	w1[13] = 0.101372;
	w1[14] = 0.039954;
	w1[15] = -0.005546;
	w1[16] = -0.077128;
	w1[17] = 0.012212;
	w1[18] = -0.025523;
	w1[19] = 0.037668;
	w1[20] = 0.077953;
	w1[21] = 0.060695;
	w1[22] = 0.079308;
	w1[23] = 0.119795;
	w1[24] = 0.048155;
	w1[25] = 0.031392;
	w1[26] = 0.025510;
	w1[27] = -0.066489;
	w1[28] = 0.006399;
	w1[29] = 0.029180;
	w1[30] = 0.138827;
	w1[31] = -0.048469;
	w1[32] = -0.044969;
	w1[33] = -0.041669;
	w1[34] = 0.065432;
	w1[35] = 0.136337;
	w1[36] = 0.069052;
	w1[37] = 0.074581;
	w1[38] = 0.124930;
	w1[39] = 0.100106;
	w1[40] = -0.004520;
	w1[41] = 0.143221;
	w1[42] = 0.025773;
	w1[43] = 0.070136;
	w1[44] = 0.064312;
	w1[45] = 0.142307;
	w1[46] = 0.126122;
	w1[47] = 0.086763;
	w1[48] = -0.035764;
	w1[49] = -0.056455;

	Pesos Camada 2
	w2[0] = -0.194255;
	w2[1] = -0.224678;
	w2[2] = -0.237485;
	w2[3] = -0.363637;
	w2[4] = -0.368480;
	w2[5] = 0.299698;
	w2[6] = 0.216558;
	w2[7] = 0.278013;
	w2[8] = 0.320939;
	w2[9] = 0.301591;
